9788925588735
9791141602376
9791142349621
9791141603250
9791199489530
9791175780170
9791194530701
9791124248171
9791190302449
9791199383074
9791127887544
9791138934428
9791138934442
9791187232629
9791141181536
9791199496651
9788936425357
9791173578601
9791175487598
9788998441012
9788937460586
9791127887629
9791175487635
9788960909878
9791124468050
9791168342941
9791138489959
9791142346576
9791138934459
9788936439743
9791124110195
9791155819227
9791167553713
9791192559100
9791199305304
9791138489317
9791158396510
9791175487468
9788925588711
9791169666039
9791173325953
9791175158818
9791191998726
9788993178371
9791158366179
9791193842669
9791124248256
9788925569574
9788954694391
9788954646079
9791193154588
9788925588650
9791130675633
9791199841512
9791199841536
9791199841529
9791193904671
9791173578823
9791175487444
9791141601300
9791169665810
9788971909300
9791199386228
9791141181802
9791168182530
9791171174843
9791171259168
9788901281797
9791172133924
9791141615444
9788954682152
9791140718368
9788936439934
9788937473401
9791157848676
9791141615987
9791167376237
9791190738705
9791124038192
9791194636816
9788936429645
9791167764119
9791199858909
9791194368854
9791142350184
9791192372730
9788917243802
9788917243796
9791167764126
9791193866498
9788983711892
9791141615819
9791194322245
9788993178302
9791142350160
9791171012398
9791194413707
9791138490238
9791168343443
9791142819025
9791193401583
9788949162683
9791124497029
9791142349522
9788965422785
9788936434120
9788954677158
9788955823509
9791198854384
9791173576577
9791141609603
9791194798156
9791141182533
9791124262467
9791199555181
9791142819278
9788956605593
9788970134796
9791171715503
9788937479793
9791124336830
9791167742827
9791138932943
9791193672389
9788949162690
9791124073285
9791142350122
9788937475566
9788927713357
9791171210404
9791193539156
9791199555112
9791194353492
9791197802386
9791141602451
9791194634737
9791193282533
9791187011590
9791194184560
9791194413943
9791139729719
9791141181925
9791169665438
9791167376220
9791141179007
9791140716999
9788937461798
9788927713340
9788936438029
9788985155502
9791194368625
9791141182755
9791141615055
9791193811665
9791193153710
9791141181888
9788937479809
9791194072003
9791170613688
9791168273993
9788937460449
9791158749248
9791142346583
9788901299532
9791173575648
9791142350115
9788934981213
9791168341890
9788927775683
9791143411822
9791141178956
9791194695400
9791171174348
9788936439910
9791193262993
9791193941577
9791194508700
9788936439880
9791199709218
9791139730395
9791136038876
9791173490965
9791142348105
9791139158953
9791165795788
9791173325991
9791140718160
9791142818769
9791193003954
9791141181604
9791194966395
9791193869413
9791198758378
9791173601798
9791193941645
9788932473901
9791175484290
9788927713333
9791194831358
9791162540640
9791192025285
9791142343704
9791167376398
9791142818974
9791130637037
9791199825802
9791161111575
9791141179373
9788965643203
9791191521504
9788970135472
9791176211222
9788936457471
9791191114768
9791197977046
9791130674629
9791173577925
9791173325441
9791124370056
9791168731752
9791169851893
9788932045153
9791199747302
9791168343726
9791199555136
9791193941607
9791194320319
9791194399391
9788934942467
9788931011623
9788932045146
9791199017818
9788935679188
9791199250505
9791158792022
9788998441074
9791162145043
9791175910218
9791130687001
9791158513467
9791193149737
9791193904756
9788937443848
9788936812621
9791188102259
9791158366070
9791199337428
9791141183530
9791194100133
9788965424420
9791143406422
9791193910139
9788917239508
9791188331796
9791169851206
9791142347917
9791173603457
9791124038338
9788934972464
9791139729528
9791194812197
9791139729764
9788917239492
9791162544327
9791167372864
9772508333003
9791168274259
9791142348051
9791130674643
9791142341588
9791198843845
9791124255131
9791174671462
9791198621429
9791193931318
9788917243789
9791167376275
9788915998704
9791174044952
9791175772076
9791141175443
9791162544693
9791165219956
9791164455300
9791141609962
9791142816819
9791141602963
9791199629714
9791199524361
9788927713364
9791142335518
9791175780071
9791194530916
9791138489928
9788927881612
9791199246034
9791192738758
9791199529847
9791127887414
9791194655152
9791168616554
9788997381678
9788957825945
9791138924405
9791173324123
9791164453115
9791169665162
9788969656872
9791194413455
9791141608774
9791142346590
9791167742803
9791199695528
9788954674638
9791198754080
9788937460616
9788988474914
9791194383796
9791169813341
9791156337560
9791194353447
9791199758193
9791142349881
9791187142379
9791193369050
9791187875550
9788937464690
9791191569452
9791189074913
9791194087700
9788965424765
9791193842287
9791198363510
9791191731712
9791142343896
9788932920238
9791193262962
9791173578410
9791198754097
9791193078884
9791159295348
9791172134006
9791175771963
9791142819162
9788936434595
9788925554990
9788937461033
9791193238691
9788949123554
9791158683061
9791140707492
9791169665476
9791199649026
9791169664998
9791167742650
9791138489287
9791141171193
9791173603310
9791175790421
9788949141862
9791175910553
9791195795505
9791169851053
9791141614072
9788970128337
9791194368175
9788937434488
9791190669030
9791193866405
9788969656957
9788979294675
9791141602468
9791169184601
9791175590182
9791161012735
9791194148555
9791143404367
9791187142560
9791139728002
9788954681155
9791199509009
9788936433871
9788955828368
9791142320026
9791142350207
9791193506516
9791158683054
9791197093760
9788954641548
9788954640312
9791157855506
9791199649415
9788957822616
9791194616566
9791142348952
9791173325762
9788947502627
9788937460050
9788965424215
9788937460388
9788901297842
9791197437311
9788964965474
9791141175894
9791130675381
9791142346309
9788925572802
9791142348983
9791138489669
9791194245209
9788962626605
9791198243430
9791193078709
9791172133061
9791197093777
9791175483972
9788970577166
9791169665308
9788998441081
9791140715886
9791174760548
9791193282649
9791136039347
9791141178895
9791192366678
9788957365793
9788949123493
9791192389172
9791164453085
9791194616627
9791142816543
9791190680967
9791168274297
9788954696852
9791138489652
9791168343641
9791138443883
9791169851978
9791142348969
9791141602925
9791127887483
9791142347924
9788932376769
9791168473690
9791157280292
9791193647646
9791169664479
9788982735738
9791199246072
9791192300917
9788901297453
9791167932068
9791169665025
9791173602801
9791130675329
9791158513443
9791194508816
9791142349966
9791192512419
9791130681009
9791171010875
9791169663892
9791140702978
9791130675275
9791130698366
9788936448813
9791169665179
9788932023977
9791162145418
9791165047023
9788936443528
9788925565071
9791169214537
9791142348976
9791189327156
9791173479939
9788965424123
9791160184273
9791175780088
9791162544679
9791175790384
9788968335365
9791124112045
9791138490115
9791172267810
9788932045238
9791168442924
9788937437564
9788954650212
9788965424772
9788972917038
9791168340770
9791193904664
9788965424581
9791161012544
9788943317553
9791169252218
9791175230255
9788991799561
9791190302432
9788949187358
9791160184235
9791194627258
9791124262436
9791136039873
9788931478983
9788960306486
9791194530909
9788901299693
9791127887490
9791142349799
9791170833307
9788937460777
9791198682550
9788934933878
9788934922056
9788965424369
9791199491755
9791193955116
9791169665131
9791142338632
9791168274181
9791138490153
9788901299600
9791158162085
9788937464713
9788962627022
9791175910492
9791175772229
9788931481907
9791142349003
9791173578670
9791156469834
9791193282724
9791193282045
9791155818831
9791197437304
9788932023151
9788965424642
9788965426530
9791142816383
9791140716593
9791124223000
9791194616610
9788969657015
9788932925653
9788901298023
9791191975352
9791165046842
9791174048240
9791127887384
9791175230408
9791167903570
9791174960344
9791142348990
9791168584945
9791142348174
9791195795529
9791198064356
9788957822555
9791194591597
9788935215041
9791158366049
9791172541149
9791167736802
9791168343672
9791174048639
9791185415833
9791199798007
9791192405872
9791191328592
9791169665902
9791190669795
9791194216407
9791168343733
9791173325977
9791193939529
9791193842690
9788947502597
9791173575914
9791173326110
9791142349737
9791164848751
9791142340475
9791194374299
9788973814725
9788937462344
9791187011606
9791190669238
9791171715435
9788962626667
9791175484887
9791173113598
9791198210852
9791169664943
9791130673738
9791194636762
9791191716443
9791191193138
9791141184315
9791143411006
9791175790315
9791167736796
9791167736871
9791169665728
9791175611030
9791193639818
9788994359267
9788936481247
9791127472290
9791142349942
9791142350153
9791142349744
9788965421030
9791159921445
9791192300818
9788954654753
9791168761841
9788925538297
9788937460043
9788940293980
9788965425779
9791198363503
9791142332876
9791169665384
9788986836837
9788937461767
9788936457341
9788937462757
9791130697529
9788936431600
9788925572765
9791142347092
9791124272213
9791169095426
9788955336771
9791194216377
9788931514070
9788936429584
9791130648149
9788955828382
9791130677019
9791167903457
9791130396835
9791174049933
9788904169504
9791156469964
9791141159801
9791157833962
9791194320326
9791197221989
9791167742063
9791164847983
9791190337755
9791168222724
9791173602016
9788949162676
9791175780095
9791156754312
9791140712663
9791168091566
9791141183264
9788949144573
9791142342301
9791173320873
9791141602758
9788954696869
9791194320296
9791194777786
9788937404672
9791124147016
9788964374993
9791194322269
9791142343773
9791194635444
9791139158960
9791170527060
9791142347887
9791141548322
9791175790513
9788959067411
9791175772656
9791194530398
9791192519883
9791169851626
9788917237955
9788947547567
9788936481100
9791194087946
9791142815737
9788965426554
9788952130037
9791193282601
9791127887070
9788957338568
9788949187389
9791136041371
9788953335868
9791173324468
9791172133795
9791158396688
9791169851954
9791199774407
9791174043160
9788904169528
9788953152847
9791158792213
9791130676227
9791175772670
9791175772663
9788937834790
9791141602024
9791190090261
9788956609959
9788932909349
9791191280333
9788982819278
9791142344152
9791194654063
9788965427766
9791141602918
9791194280828
9791190669221
9788932925578
9791169095433
9791193842461
9788976046529
9791169780797
9791164453122
9788946475373
9791140716142
9791198092397
9791140717774
9788932119878
9791194273387
9791191687422
9791141603083
9791127887575
9791141181918
9791158792206
9791143404503
9791161571188
9788901294742
9791130646381
9791194330424
9788917237481
9791194413394
9788937462788
9791189938772
9788932027265
9788937460432
9791167552723
9788937462146
9791162544259
9791141613433
9791155818800
9791169851763
9791196851200
9791195616169
9791158513405
9791168182479
9791198948793
9788954473262
9788937834332
9788965427513
9791173577598
9788936451684
9791142346798
9788966113217
9791156469452
9791193904749
9791194997337
9791188609505
9791194635420
9791141603137
9791139158540
9791124070734
9791175771840
9791194082354
9791164053544
9791186745939
9791172101886
9788965968108
9791165236366
9791165236373
9791138489973
9791187799450
9791171711673
9788936442804
9788962478518
9791198517425
9788901285894
9788936513191
9791190302425
9791171713929
9791194636212
9791199573901
9791185121505
9788937461491
9791170613596
9791199281325
9788972972006
9791168273535
9791130625904
9791143208637
9791174046918
9791190337359
9791172101848
9791194616573
9791138397049
9788935215072
9791172612603
9791130675565
9788931514179
9791141181840
9791172792541
9791142348891
9791192388786
9791159971082
9791136043139
9791175772694
9791142351389
9788997870998
9791142347900
9791165047108
9788954681179
9791142815973
9788937460944
9791193262290
9788949121857
9788935703081
9791191535174
9791173573699
9791173111402
9791169665056
9788979294408
9788954696357
9788954693479
9791170628606
9791142314247
9791199198012
9791158396589
9791164453917
9791169814287
9791194591405
9791194635413
9791136038807
9772586476005
9788960499188
9791173578816
9791194383970
9791174048967
9791156337690
9788936486341
9788937404665
9791192904092
9791156469438
9791141182465
9791172612542
9788969657169
9791173352249
9791194530961
9791162544730
9791124028599
9791193674383
9791190090018
9791191043297
9791142319723
9788990982704
9788904141555
9788901294179
9788937486067
9791186858387
9791167553300
9791198886101
9791188601233
9788952783509
9791141179274
9791168031234
9791198758354
9788991290099
9791192248349
9791169086523
9788901299365
9788931479362
9791140716647
9791173603389
9791168271043
9791170833161
9791199337404
9791130675077
9791142333330
9791160945348
9791168755833
9791167740861
9791141173562
9791124307007
9791141158439
9791170613633
9791191803594
9791127885458
9791175790131
9791193407493
9791136038005
9788932501376
9791194591870
9791138489966
9791124002094
9791142335143
9791124370223
9791199773905
9791173578625
9791199555150
9791158364373
9791141179328
9791160947304
9791138490160
9791127885885
9791127885878
9791187936596
9791194635437
9791139730401
9791141181468
9791173325755
9788953152953
9791169665858
9791172740887
9791175490598
9791167742865
9791127561871
9791193190654
9791165184650
9788937460883
9788936414085
9791130689890
9791171175864
9791137910539
9791194930136
9788957974643
9788937460708
9791173479946
9791194530213
9791197671708
9791139729351
9791124070567
9791170613572
9791138067553
9791174044945
9791194353379
9791191369717
9791168273863
9791175910362
9791190738569
9791161012582
9791194591832
9791127869410
9791199825819
9791199198029
9791156469476
9791190999243
9791194368939
9791174048929
9788968334658
9791142345821
9791170437444
9791170965749
9791167701527
9791199555167
9791127561826
9788931585018
9791166894039
9788953152823
9788901299594
9788955479607
9791141181413
9791187650119
9791142818820
9791142349959
9791199555198
9788937460470
9791187297925
9791165703523
9788983711540
9791130672779
9788956609249
9788932044965
9791198610614
9791130673332
9788937417566
9791139729504
9791175771031
9791196026530
9791164455263
9788965426820
9788932018041
9791155818930
9791167740946
9791169665032
9788998441029
